160
76
201
288
79
256
156
263
2
278
255
94
122
19
210
53
116
85
214
179
184
298
140
29
111
109
149
90
240
224
27
83
250
146
127
86
258
139
14
44
62
176
69
229
153
282
267
7
246
15
217
55
200
299
22
105
128
104
40
144
281
96
36
101
66
181
196
34
252
189
234
63
161
276
177
87
75
219
5
172
91
296
41
251
143
270
42
113
12
78
207
32
233
261
20
136
280
26
213
300
56
197
16
266
155
68
152
4
115
238
221
202
260
74
133
188
60
8
148
209
18
24
247
134
180
106
264
57
45
265
23
51
186
97
88
102
92
46
232
170
257
273
162
59
129
43
147
52
192
100
112
37
243
230
124
206
154
30
268
108
292
287
21
142
28
130
11
211
49
145
242
215
175
294
6
272
259
9
249
159
212
164
236
275
77
178
220
31
283
135
237
286
71
291
47
126
191
3
137
131
203
117
123
73
165
119
194
67
114
118
84
61
193
141
173
82
157
93
274
225
167
58
120
38
199
198
158
289
121
204
151
54
10
13
185
80
279
223
89
132
271
1916
3614
2512
1885
1149
8910
5655
664
1610
7534
8531
6768
940
8416
8347
748
2333
6847
6140
7217
4808
8597
9211
9132
1146
585
9749
8876
3547
3434
5063
7919
6205
3583
9840
4418
1569
5050
6152
3462
8461
8240
1661
2019
1089
8887
3626
8374
2224
3133
9981
8144
9734
1956
1201
7202
8191
7720
3818
2791
6179
8013
4753
6216
6447
8624
2490
717
1631
3969
3182
4440
8644
5365
9288
2603
3825
1499
3687
9429
519
2623
2492
3928
6499
1450
5038
4244
866
9067
8867
1821
6552
9334
4516
1225
4487
3632
4462
1494
6844
2079
5148
9089
9649
1795
5105
5874
6019
3594
7508
2110
7928
6271
9752
3221
9267
5229
3961
8255
9332
4200
4731
1553
1555
4194
5394
2967
9810
6918
7855
2973
3590
1579
2230
5498
4432
9198
8777
1623
4150
4320
8230
3248
1332
7541
6381
4054
9304
332
3861
6567
3176
1063
4117
994
3125
8072
4589
7423
6327
4020
3850
2746
6497
1275
5281
9727
9066
4230
8357
9386
3552
4585
666
9412
4003
6137
937
5485
9819
5580
2778
1913
4045
4313
9481
2620
5053
3849
2474
2939
6027
5086
860
2833
9186
3827
3123
2547
5533
979
5028
8467
1011
3028
8895
5262
9207
4550
8266
8712
5224
996
3654
1260
3706
7782
7723
783
3254
3756
8997
5787
9787
7767
4719
7915
7185
3641
2041
6547
8177
4103
714
7734
7881
6728
3952
2506
1227
2173
6076
1313
8591
2811
4497
7550
4040
487
5088
6038
7289
3829
5748
7726
8892
3240
4798
673
3904
9295
3941
378
2757
8884
4102
3981
755
7113
520
8796
1387
8877
3572
3622
6615
3216
6375
329
8738
1617
726
9617
5247
9005
7332
6356
8084
668
9707
612
947
6246
1552
5411
5832
4998
897
7721
5650
7201
1356
7514
2453
4398
8880
8101
2886
3040
8035
6611
9857
7606
4367
9996
1842
1987
6524
6838
3551
2704
9987
407
3593
3336
9069
3979
8734
9888
6389
3242
608
4451
6058
2816
9913
8607
2261
6723
5283
1293
4085
8434
4057
7830
4559
9191
2089
2195
7689
7917
9877
9037
370
5198
3871
9309
4961
2510
1304
7048
1848
3141
9797
2138
8100
2293
1126
8309
6405
1861
481
9264
3178
7127
497
6747
5311
2180
5898
8923
4053
4724
7407
8730
9373
5476
8207
9773
6233
5691
9117
6817
8250
5415
589
2894
3388
4325
8971
1713
944
1344
2484
4381
6606
9403
9679
5475
9990
9692
7252
2266
8929
8699
6224
6229
2670
9858
3982
8779
7893
5965
7235
8448
7140
4185
1515
6657
9825
7392
6800
2451
8306
1022
874
9423
1068
2345
3603
2681
3511
2814
6710
6363
1849
6343
8626
1067
570
2014
6980
9544
6385
8140
924
1757
9108
9100
5368
9357
6329
762
4531
9378
2234
1140
2888
2257
7052
4822
6977
3546
4163
1377
3004
7071
9078
6766
5409
4966
700
7080
3325
5649
6330
2827
9793
3197
9743
5374
8790
9552
729
3298
4023
4277
3467
479
9319
6778
2977
4593
9272
6037
4110
7644
610
7558
579
7171
8604
432
7087
313
6047
6253
2387
8655
2779
7485
1428
441
1614
4461
490
7362
978
4586
8858
1621
5710
3407
6628
2788
6419
9166
3842
9728
6564
4039
9657
7000
3405
2314
7620
2308
9988
1421
9463
949
5890
9821
7708
3399
446
1909
8494
1065
4551
331
6791
4173
3557
573
9435
1322
4931
731
3415
9459
7569
6843
3542
2641
7631
2768
7733
5708
2592
3751
1064
3401
5594
4401
2132
3779
7133
2055
609
8585
9038
8670
3375
4351
5436
1593
4308
3007
398
5998
4059
5473
5574
4001
2885
2253
3440
5894
2714
5799
3922
553
1984
4912
4383
1143
8828
7161
4374
5201
3505
8102
4211
6126
1878
8933
9276
5827
9826
5817
9458
3138
7731
2436
8435
2186
3892
5857
2330
7204
3319
2437
5033
1770
9336
3268
4736
5773
8386
9540
5995
2754
8966
7096
4794
8691
5725
8944
5375
6036
5319
6332
9584
7021
3126
5730
7543
2357
671
4579
9911
8075
2775
5127
8118
7095
2462
7250
8295
389
6161
7763
4475
5014
5410
2060
4721
2842
6044
6588
2593
7304
2843
5617
3445
3296
8870
9502
1440
3457
2456
7460
1310
1858
8851
8050
2941
2434
677
2992
8581
7982
5707
6726
7868
2659
4446
819
9414
851
4371
3655
9312
9583
8173
4414
9895
6273
7319
2661
5026
9524
9035
2497
5356
8130
4955
713
4726
2402
7937
665
3811
9318
4972
9542
4132
4850
7079
8103
3458
4326
1705
3719
6125
1229
3988
7823
1882
7780
9629
5882
7053
4481
1026
6530
4563
3692
9975
9016
9347
2622
6912
9603
8616
4160
3382
9252
1710
2233
5205
4630
6813
5255
6610
3142
7792
6124
9676
8312
9961
9468
3306
9558
5453
7344
6041
739
3488
9142
1441
1251
9992
7355
7253
2300
8431
1109
871
9605
4732
2078
3836
4358
7163
6200
9853
3061
6891
7430
9822
4094
3213
5971
1336
5515
1707
9497
1519
9967
3190
833
3348
1052
9518
1896
6520
9933
3465
7975
7645
5883
1463
5493
3468
9751
4890
4744
440
565
6719
6056
8337
5035
1168
9805
3752
2587
7327
2860
8466
9780
3857
455
9878
2613
7510
9168
8747
6301
2644
7144
9931
8857
1442
8924
1531
753
6533
3701
1920
2427
1686
4128
2584
7837
6602
9951
5960
1158
2416
8864
9311
3698
8853
3010
1404
8631
9538
1409
1357
5821
3474
1751
794
8344
7045
4354
4659
4395
8456
2219
736
9812
7960
1460
1926
6568
2694
3286
9292
6790
2209
7925
2951
6311
6668
8850
9938
3753
9512
2162
8930
4806
6733
9003
1016
7816
7742
6513
521
864
1720
9139
5736
8542
4433
8425
9578
9329
3725
5663
3446
7088
6006
3767
7757
7711
6042
1451
3837
2841
3651
8642
6109
8003
1462
8254
3081
6011
3136
5195
3379
9177
4135
5556
3531
6105
3679
3936
6782
5521
590
3783
4256
799
1182
2285
6816
6075
1577
3212
2188
5842
7007
5777
2979
1874
3357
7961
3284
4171
7148
3288
8557
1834
8391
3365
8098
1411
5271
3690
5753
6371
6072
9828
2744
4641
471
7859
5449
8310
9279
9884
354
654
5218
3778
9674
5096
4097
7867
5757
995
6620
6959
3591
5253
1620
5847
7675
724
3391
9683
4914
5392
450
6888
7035
4181
2879
946
3009
2845
478
1278
7118
5721
6543
1233
1589
9053
1608
5219
7183
5274
3637
3360
8387
5981
2997
4467
6472
2554
5104
343
2916
5593
3269
6017
7738
4437
6996
2337
6351
3629
6978
2854
580
1792
6983
2846
9466
1802
6915
8535
4458
7459
1742
3034
6566
1385
9014
2921
7077
3722
3972
4217
8032
9088
5008
1330
2382
8612
1537
9397
2031
4994
3533
5208
5180
2640
357
3838
8119
3653
6465
682
5136
9102
9795
5184
9310
5116
7602
1287
9841
8541
8023
9782
9946
9107
4741
9724
8767
6030
4099
2169
5788
2295
3519
3784
4495
9746
5499
6873
5324
4190
4393
1206
6725
9172
9504
9535
3524
8515
1346
4253
8373
759
8873
7023
8082
6342
4877
2832
4895
8432
663
7911
8105
7464
1812
5948
1423
5034
9735
4304
5714
1640
6060
4074
6306
6451
7134
2221
8399
6506
4646
7490
4177
9081
9533
9789
4674
9885
6318
8325
8026
7890
2795
9647
837
7104
7152
5630
8081
4918
8497
3103
5159
1490
4203
492
6988
6755
4583
1379
8773
7399
9396
3586
2134
7091
5252
307
7565
7947
6209
6878
4558
2682
5711
5528
6183
1860
5855
5854
595
8931
1973
3122
1777
7193
7473
6739
1925
8900
5906
844
6896
8830
9925
9387
7360
6264
7036
5081
2377
7999
5628
3523
5996
2890
2993
8601
1267
3785
4968
6486
3966
2598
2889
3195
8874
2130
9126
5635
2495
3170
5489
3788
8428
2048
6688
7989
4907
2099
6693
7216
3192
4995
1080
8053
1516
7646
4899
5207
3663
2669
6788
1362
8700
8450
9960
1221
5900
6022
605
1166
554
711
7469
5406
5502
1551
5759
1714
5282
6925
8415
7164
9469
2635
8048
6384
3414
8459
702
5742
6088
9887
5259
8486
9873
4805
8390
316
6894
8785
8226
6630
5540
6930
437
628
6225
7443
9670
1426
6702
9496
7938
9849
8086
6718
3416
8172
2311
4926
4134
9889
990
5861
6142
9054
8199
5464
3162
373
7870
2107
8802
2707
2346
2543
9700
1736
9286
1527
7943
4389
4862
5329
9141
2524
6592
6238
3267
5370
1573
6314
7194
7655
4080
2799
301
6814
9196
7603
9152
1942
4268
6998
7521
2875
8324
7369
4747
6939
414
4034
388
4855
796
8596
4751
1405
8244
9905
8296
6420
5340
7840
2433
2493
5270
6961
7321
6210
5877
9941
9937
4940
3076
4818
3667
9579
3956
4515
5152
9364
1302
2803
4385
3787
4684
2519
7970
8041
3413
4733
793
3942
3472
6625
6640
8270
4889
2647
372
562
5006
2898
4084
3234
8030
930
6492
8922
599
400
2918
8839
3487
8029
7241
6665
9449
2630
6344
2817
8142
998
2753
8305
5731
8298
5267
4403
3279
2175
8280
9278
1090
1285
2203
6635
5149
8818
893
3525
7260
5508
2570
4169
4328
2709
1045
7386
3768
8907
8627
9947
3444
2450
4796
1729
2579
9616
6219
5266
6853
8473
5398
2318
9665
2986
6483
5657
2541
2381
1818
6624
5974
420
2082
510
9456
2607
2960
542
5920
647
4350
8422
7057
7954
1718
7059
4439
4450
2710
8502
3156
8148
8092
5507
5673
8816
6619
929
1224
2049
1368
9918
836
9928
552
746
4714
9510
2189
1582
9566
8304
4556
5183
5284
955
7395
2784
5814
9162
576
2336
899
2351
5802
2262
699
310
1900
7233
1309
3934
1671
757
1271
5227
3160
456
8462
4874
8593
1004
3962
8532
1107
7522
8193
7190
9101
8946
5772
7538
7908
4346
7279
8388
9358
2083
730
1901
7403
4539
3354
4853
3456
6026
6966
8894
8027
1242
4192
3005
1775
6669
3606
7302
6555
6842
9856
9262
2984
8423
3684
8745
9342
8411
6464
9201
2039
2158
9546
6270
3014
7849
7897
7379
6860
3228
6217
9912
740
2066
4854
5420
6029
9239
8694
1092
7913
5294
3349
7750
1430
4949
2325
7503
8116
5137
3949
8795
5132
1048
8265
7666
7760
1343
5876
8132
919
9056
2036
5189
3259
2350
9002
5265
5130
5516
9532
1866
2972
2167
3371
9298
7160
2370
9402
4757
3363
8807
7277
9154
5860
6729
9843
6690
4013
8241
843
4984
7715
2902
6489
459
8660
1272
8083
9213
4521
6684
5027
4595
723
335
4166
6490
7129
6642
512
6651
7979
7005
6064
5118
1728
7391
6500
3378
1991
1518
3769
623
4836
1093
7611
3088
7648
5717
2514
9846
5897
2586
3567
3417
2405
6173
1921
2904
7863
9335
348
7168
5128
3529
7813
4884
6765
2496
2839
1817
3460
1910
4394
3986
2385
7900
4656
9730
5866
6661
444
1653
8693
8806
6198
1735
2095
3199
8057
3919
6863
1511
8060
9061
9301
3828
1439
4687
3983
7074
8628
3740
8382
8717
8902
5654
2660
6255
7476
3854
3042
1632
4834
9164
9627
4767
3385
6995
7652
6395
1299
5280
8781
4678
6078
8275
2826
513
1776
2418
1525
4323
810
6178
8058
1117
9071
5077
3491
9225
828
545
7526
7278
6806
7594
2516
6172
3625
3001
6446
5437
6243
4711
4629
8392
1424
7037
5429
4193
6353
2235
2876
4841
8447
5057
6003
1083
6926
2769
8380
1238
5076
6073
1870
9246
1544
2368
8349
8904
8413
4540
4396
7623
727
5973
1745
4111
1689
4430
2792
728
6112
8201
1116
8363
1709
3236
6010
2315
920
4823
5060
322
5592
8008
3765
5902
8701
1077
4441
1773
423
5701
6129
2656
7410
9634
5496
5505
7502
6040
1488
4523
8761
3662
8269
5472
433
5621
901
4056
1316
6812
3809
4037
6103
8513
4287
4285
2836
814
4667
8090
2946
7154
3794
8291
4532
3410
3476
5554
6123
5541
5133
7946
4881
9045
582
2535
9051
4360
5332
9232
6795
3909
6083
5631
1232
3015
9549
2526
3985
517
4175
2231
1778
6093
9345
3127
907
3455
2561
6369
2164
6518
8440
6675
3805
4651
3589
3313
8501
7501
7967
5162
8891
3771
7811
2728
4334
4766
9639
2743
9959
2557
7856
6660
4730
353
6821
7380
5595
1406
9385
8113
8410
8706
2392
1605
906
8364
8592
9214
3045
3002
2696
5872
9847
2513
8869
7313
6360
2498
2863
4831
2074
6899
3859
4140
1184
7207
3048
8562
8038
2741
6290
2740
5123
9115
5307
516
6801
5867
6248
4292
7678
9091
1318
4184
7303
1018
5320
3860
6667
5377
7225
6138
5896
985
3947
7523
1311
4590
5957
747
3990
2391
9380
5779
982
7725
697
4750
6493
7555
2508
741
5214
1947
2624
6328
4282
6090
9281
6714
6396
7275
5354
5487
4314
6204
2045
9786
7138
4457
1602
693
5513
4488
7888
9663
8530
4378
4792
1975
2717
8549
8647
6916
6431
3582
6645
6176
8755
8548
4044
9940
3062
4617
5619
7994
8771
330
381
9464
4444
425
9898
1943
1366
5381
1361
8521
1724
9353
2599
8232
4718
3047
3492
5304
4921
1024
476
5943
9739
6292
7684
4014
7547
2025
2706
9910
3599
4088
2406
3780
4338
424
9084
8984
6043
2773
2943
8724
7809
9068
4826
8720
2534
686
5992
9155
1141
8859
9808
2910
7649
8106
5168
8316
1340
2408
9251
5372
8841
3574
4788
1169
4672
2688
9247
7692
7668
667
1373
1881
1436
5994
5770
932
1337
1622
2686
4225
8014
5925
6562
4560
325
9285
6521
7162
2732
6879
6364
9173
7844
8679
5682
5750
7262
2142
786
3997
5291
544
5615
5735
6014
1958
6310
1274
6974
3504
2766
1123
4526
1323
3856
4349
469
9769
1173
1256
3955
4606
8507
2198
2756
9189
9875
8421
5676
704
9695
7732
3075
1125
524
344
5899
3327
778
9886
3658
8952
9781
6971
8333
5323
1650
2937
6697
8405
2317
6708
3381
509
334
4290
8705
5290
9956
2190
7632
603
7192
2003
6738
1852
6338
4960
6872
3211
3099
1825
6174
8725
9103
3046
4774
7507
3470
6358
1035
822
1312
9767
895
5494
2149
3439
6895
7408
1388
339
8522
3602
6730
3846
9090
2760
1586
5435
4104
7718
4455
6305
2636
2429
581
9998
3736
3024
898
369
5310
1078
2435
1282
1559
3984
7894
5461
5559
1189
6350
4012
3173
3332
9688
8279
5203
4849
2730
1365
3738
6115
5234
6235
7406
4274
2152
1114
4139
8369
9098
3072
5300
1434
1897
2628
5805
1289
1571
4477
5364
3891
7824
8883
4362
2143
7107
5947
5064
624
1813
2289
8300
5058
3528
7056
8728
3037
9816
4648
2815
993
7219
8264
5471
4749
1767
2790
5465
7764
2981
7285
8436
8468
2006
9965
8210
9572
9835
9080
9360
4083
1353
5928
9407
2852
7400
1476
6757
8218
9324
8303
9083
7341
4828
8169
3210
9452
8707
6227
9417
1811
8619
1202
6059
9229
1145
591
4677
3454
7940
9766
2319
715
3114
9505
7518
3744
795
9899
4554
8713
3305
3841
3522
6686
4361
7212
8835
2204
5238
3271
7581
1468
601
3763
392
7613
7927
680
7158
1548
2278
913
5794
8393
8114
6171
7640
4782
4561
2503
3013
1542
5287
3775
968
3597
8731
1960
6136
3397
1774
8703
4807
2087
2388
9249
2444
8045
2065
3681
9601
7772
4405
499
9534
5249
561
4324
6890
2086
7416
662
6792
5844
4982
2627
8463
7806
1331
543
5732
6554
6067
8636
7741
2116
8490
9445
7905
6865
2566
1727
4157
641
7099
8068
9416
3851
3449
900
3924
8965
9900
6871
3154
3717
6177
3951
1447
1915
4800
5830
3715
5681
3623
5018
8267
4305
3177
8126
6957
921
5694
6432
2929
6803
3120
4769
5532
1369
8292
2080
5702
8042
5111
5637
770
8950
8087
3224
7962
8621
1190
916
4302
5941
1198
9817
3584
8759
7187
557
2448
5326
7349
5581
9128
4081
821
5360
5462
5645
1679
3700
1890
2422
1672
2034
4004
5122
4943
3370
9448
5727
2477
8533
3579
701
8925
862
6196
7145
6452
3022
5988
9891
3648
9190
5764
2135
695
7274
1513
5246
3935
1600
8061
10000
9133
2440
7790
3536
563
1626
9562
1747
7724
3302
691
8335
4922
8649
6201
5601
5047
2616
9991
3404
1969
6430
6913
8430
5083
9945
8560
4113
7331
5524
9904
5934
1039
4121
5662
6613
6163
1520
4215
1599
8233
5892
6487
4793
8049
1769
2407
7017
8576
5236
6571
4752
9479
2595
2327
4779
5445
6969
8474
9675
6048
6931
9488
386
7186
7173
8097
2059
4509
3931
4250
8004
7659
4316
9901
